# oST version 5.0 parameters


[image]

width
1440

height
1080

[narrow_stereo]

camera matrix
1268.140652 0.000000 750.770399
0.000000 1268.441610 518.655868
0.000000 0.000000 1.000000

distortion
-0.383778 0.164997 0.000084 0.000069 0.000000

rectification
1.000000 0.000000 0.000000
0.000000 1.000000 0.000000
0.000000 0.000000 1.000000

projection
1096.576670 0.000000 760.729791 0.000000
0.000000 1174.316475 515.261886 0.000000
0.000000 0.000000 1.000000 0.000000
