# oST version 5.0 parameters


[image]

width
1440

height
1080

[narrow_stereo]

camera matrix
1249.164530 0.000000 744.394698
0.000000 1249.333858 517.658432
0.000000 0.000000 1.000000

distortion
-0.384738 0.177662 -0.000424 -0.000386 0.000000

rectification
1.000000 0.000000 0.000000
0.000000 1.000000 0.000000
0.000000 0.000000 1.000000

projection
1078.969294 0.000000 751.091154 0.000000
0.000000 1154.206728 513.556029 0.000000
0.000000 0.000000 1.000000 0.000000
